$MeshFormat
2.000000 0 8
$EndMeshFormat
$Nodes
268
1 14.290510 -0.285389 2.321811
2 14.274367 -1.253728 2.321811
3 14.254350 -2.454422 2.321811
4 15.989513 -2.470409 2.321811
5 17.955110 -2.488520 2.321811
6 17.997920 2.157256 0.000000
7 17.977946 -0.010218 0.000000
8 17.955110 -2.488520 0.000000
9 15.738618 2.178073 0.000000
10 14.233148 2.191944 0.000000
11 12.938549 2.203872 0.000000
12 11.592183 2.216277 0.000000
13 9.519336 2.235376 0.000000
14 7.543710 2.253579 0.000000
15 5.272613 2.274504 0.000000
16 2.899978 2.296365 0.000000
17 1.017080 2.313714 0.000000
18 -1.119824 2.333403 0.000000
19 -3.879986 2.358834 0.000000
20 -7.916651 2.396028 0.000000
21 -12.883491 2.441791 0.000000
22 -17.955110 2.488520 0.000000
23 17.997920 2.157256 2.321811
24 15.404769 2.181149 2.321811
25 13.177498 2.201671 2.321811
26 11.497409 2.217151 2.321811
27 9.303570 2.237364 2.321811
28 7.097691 2.257689 2.321811
29 4.672260 2.280036 2.321811
30 2.246829 2.302383 2.321811
31 0.191651 2.321319 2.321811
32 -2.232544 2.343656 2.321811
33 -4.660224 2.366024 2.321811
34 -7.845099 2.395368 2.321811
35 -12.634863 2.439500 2.321811
36 -17.955110 2.488520 2.321811
37 17.976518 -0.165632 2.321811
38 12.892850 -0.214613 2.321811
39 13.591680 -0.250001 2.321811
40 12.892850 -0.214613 0.000000
41 13.468733 -0.243775 0.000000
42 14.290510 -0.285389 0.000000
43 14.290510 -0.285389 1.298571
44 13.484333 -0.244565 1.255993
45 12.892850 -0.214613 1.224754
46 12.756955 -0.861297 1.316688
47 12.441140 -1.711636 1.168124
48 12.892850 -0.214613 1.710403
49 12.750701 -0.891060 2.321811
50 12.441140 -1.711636 2.321811
51 14.290510 -0.285389 0.748448
52 13.484333 -0.244565 0.838441
53 12.892850 -0.214613 0.904467
54 12.802415 -0.644966 0.000000
55 12.660671 -1.130248 0.000000
56 12.441140 -1.711636 0.000000
57 12.892850 -0.214613 0.418629
58 12.756237 -0.864716 0.977846
59 11.556810 -2.429567 2.321811
60 11.556810 -2.429567 1.160874
61 11.556810 -2.429567 0.000000
62 9.643277 -2.411937 0.000000
63 10.499823 -2.419829 0.000000
64 10.462917 -2.419489 2.321811
65 9.643277 -2.411937 2.321811
66 9.643277 -2.411937 1.635844
67 9.643277 -2.411937 0.807884
68 9.769449 -1.943506 0.000000
69 9.769449 -1.943506 2.321811
70 9.769449 -1.943506 1.706559
71 9.769449 -1.943506 0.898896
72 9.411360 -1.937957 0.000000
73 9.411360 -1.937957 2.321811
74 9.411360 -1.937957 1.678774
75 9.411360 -1.937957 0.767977
76 9.290291 -2.408684 0.000000
77 9.290291 -2.408684 2.321811
78 9.290291 -2.408684 1.653438
79 9.290291 -2.408684 0.789932
80 6.350874 -2.381601 0.000000
81 7.255779 -2.389939 0.000000
82 8.419724 -2.400663 0.000000
83 8.438527 -2.400836 2.321811
84 7.313473 -2.390470 2.321811
85 6.350874 -2.381601 2.321811
86 6.350874 -2.381601 1.708608
87 6.350874 -2.381601 0.882040
88 6.374806 -1.970662 0.000000
89 6.374806 -1.970662 2.321811
90 6.374806 -1.970662 1.672527
91 6.374806 -1.970662 0.784106
92 5.992903 -1.961014 0.000000
93 5.992903 -1.961014 2.321811
94 5.992903 -1.961014 1.672527
95 5.992903 -1.961014 0.784106
96 5.995270 -2.378325 0.000000
97 5.995270 -2.378325 2.321811
98 5.995270 -2.378325 1.708608
99 5.995270 -2.378325 0.882040
100 1.781748 -2.339502 0.000000
101 2.816043 -2.349032 0.000000
102 4.066845 -2.360557 0.000000
103 5.139728 -2.370442 0.000000
104 5.204160 -2.371036 2.321811
105 4.213823 -2.361911 2.321811
106 2.864718 -2.349480 2.321811
107 1.781748 -2.339502 2.321811
108 1.781748 -2.339502 1.331478
109 2.112672 -0.848565 0.000000
110 1.969402 -1.494052 0.000000
111 2.112672 -0.848565 2.321811
112 2.112672 -0.848565 1.672237
113 2.112672 -0.848565 0.784026
114 1.965423 -1.511978 2.321811
115 1.700042 -0.859087 0.000000
116 1.700042 -0.859087 2.321811
117 1.700042 -0.859087 1.672237
118 1.700042 -0.859087 0.784026
119 1.415509 -2.336128 0.000000
120 1.582074 -1.471472 0.000000
121 1.415509 -2.336128 2.321811
122 1.415509 -2.336128 1.292654
123 1.582149 -1.471083 2.321811
124 -17.997920 -2.157256 0.000000
125 -12.943243 -2.203829 0.000000
126 -8.185647 -2.247665 0.000000
127 -4.820925 -2.278667 0.000000
128 -2.296365 -2.301927 0.000000
129 -0.231802 -2.320950 0.000000
130 0.201829 -2.324945 2.321811
131 -1.347275 -2.310672 2.321811
132 -3.350379 -2.292216 2.321811
133 -5.803553 -2.269613 2.321811
134 -9.023440 -2.239945 2.321811
135 -13.462862 -2.199041 2.321811
136 -17.997920 -2.157256 2.321811
137 14.273303 -1.317557 1.561404
138 14.254350 -2.454422 1.160906
139 14.272812 -1.346979 0.884679
140 13.277755 -2.054358 1.164794
141 14.254350 -2.454422 0.000000
142 15.918493 -2.469755 0.000000
143 14.273487 -1.306497 0.000000
144 15.499875 -0.871056 2.321811
145 13.989070 0.789488 2.321811
146 10.662441 0.167043 2.321811
147 8.552778 -0.247743 2.321811
148 6.211452 0.001548 2.321811
149 -0.817431 -0.265428 2.321811
150 -3.254943 -0.248159 2.321811
151 -6.094387 0.115201 2.321811
152 12.172483 -0.189706 2.321811
153 11.260243 -1.773922 2.321811
154 9.603584 -1.173995 2.321811
155 8.799199 -1.929428 2.321811
156 5.173837 -1.312870 2.321811
157 3.098369 -1.147228 2.321811
158 1.879261 -0.341698 2.321811
159 1.150832 -0.986409 2.321811
160 0.912047 -1.595125 2.321811
161 10.456817 -1.429891 2.321811
162 15.349471 0.446611 2.321811
163 12.691386 0.675995 2.321811
164 11.570537 -0.950364 2.321811
165 8.899855 -1.333036 2.321811
166 8.029515 -1.567458 2.321811
167 6.277065 -1.335513 2.321811
168 1.200664 -0.327786 2.321811
169 2.550194 -0.273356 2.321811
170 7.013218 -1.660001 2.321811
171 3.637482 0.361794 2.321811
172 1.804933 0.546436 2.321811
173 7.165280 -0.916362 2.321811
174 0.549287 0.229802 2.321811
175 0.412530 -0.790989 2.321811
176 14.800996 1.184035 0.000000
177 12.215278 1.000081 0.000000
178 8.328889 0.042098 0.000000
179 5.738273 0.204316 0.000000
180 3.637927 0.858743 0.000000
181 -0.168794 -0.168287 0.000000
182 -2.343296 -0.000327 0.000000
183 13.061484 0.380131 0.000000
184 13.926209 0.468608 0.000000
185 12.428253 -0.031128 0.000000
186 12.154594 -0.585384 0.000000
187 11.883862 -1.140452 0.000000
188 9.740072 -1.300194 0.000000
189 8.776375 -1.880562 0.000000
190 15.122291 -0.764244 0.000000
191 3.314835 -1.525372 0.000000
192 4.743875 -1.221885 0.000000
193 1.853940 -0.227005 0.000000
194 0.849602 -1.233307 0.000000
195 10.799278 -1.567429 0.000000
196 13.409812 1.252474 0.000000
197 10.339756 0.153020 0.000000
198 2.205389 0.760393 0.000000
199 14.879769 0.154538 0.000000
200 8.931991 -1.235107 0.000000
201 1.069392 -0.443857 0.000000
202 7.945002 -1.537054 0.000000
203 6.262997 -1.511062 0.000000
204 2.628639 -0.177798 0.000000
205 2.747805 -0.945515 0.000000
206 16.103659 0.088598 0.000000
207 5.590348 -1.588302 0.000000
208 6.868809 -1.835441 0.000000
209 11.704425 0.031097 0.000000
210 6.809901 -0.890882 0.000000
211 1.193708 0.440227 0.000000
212 3.715993 -0.469116 0.000000
213 11.325810 -0.645971 0.000000
214 5.854864 -0.922424 0.000000
215 9.340503 -0.592061 0.000000
216 13.348309 -0.918310 1.379319
217 12.773795 -0.781161 0.486428
218 10.385355 -2.418774 1.205017
219 8.495918 -2.401365 1.223407
220 7.294972 -2.390300 1.406162
221 5.133313 -2.370383 1.354870
222 4.001159 -2.359951 1.090849
223 1.585552 -1.453415 1.529305
224 13.365325 -0.940970 0.924968
225 0.652210 -0.966480 1.325554
226 8.603024 -1.796725 1.727845
227 5.216640 -1.545540 0.778650
228 5.355618 -0.647550 1.232868
229 6.215152 -1.279218 1.028274
230 10.327662 -1.629429 1.633057
231 10.310830 -1.570790 0.704666
232 9.704456 -1.189605 1.152718
233 13.347456 0.364530 1.654921
234 12.969743 0.432782 0.857635
235 14.198058 0.615073 0.977781
236 13.689697 1.402930 1.129925
237 12.350428 -0.247627 0.848580
238 11.870278 0.327173 0.858162
239 12.233080 -0.354629 1.616415
240 12.455415 1.314815 1.147748
241 12.493636 0.331662 1.541874
242 11.659579 -0.716182 0.957262
243 11.449930 -0.087632 1.616674
244 10.522441 0.271250 1.202892
245 11.394560 1.070975 1.341998
246 13.119533 1.031905 1.676242
247 11.193831 -1.599902 0.785338
248 10.386807 -0.744923 0.700739
249 8.634747 -1.775216 0.938623
250 8.897207 -0.980597 0.712314
251 9.424870 -0.176159 1.235727
252 11.251680 -1.692186 1.654469
253 10.596581 -0.842391 1.533587
254 7.908700 -1.829670 1.627368
255 8.132639 -1.015929 1.389285
256 9.044460 -1.186629 1.491488
257 4.364198 -1.338346 1.416787
258 5.457750 -1.559465 1.621474
259 7.187387 -1.504858 1.671976
260 7.294313 -1.639775 0.815733
261 6.962570 -0.413520 1.122969
262 2.794699 -0.032008 1.124262
263 1.387520 0.225310 1.075072
264 1.943892 -0.182954 1.639623
265 15.160804 -1.497749 1.404009
266 16.617126 -1.308976 1.166887
267 12.237886 -0.924764 0.479343
268 6.863290 -2.051889 1.936676
$EndNodes
$Elements
1206
1 2 2 1 1  1 2 144
2 2 2 1 1  2 3 4
3 2 2 1 1  4 5 37
4 2 2 1 1  39 1 145
5 2 2 1 1  23 24 37
6 2 2 1 1  24 25 145
7 2 2 1 1  26 27 146
8 2 2 1 1  27 28 147
9 2 2 1 1  27 147 146
10 2 2 1 1  28 29 148
11 2 2 1 1  28 148 147
12 2 2 1 1  31 32 149
13 2 2 1 1  32 33 150
14 2 2 1 1  32 150 149
15 2 2 1 1  33 34 151
16 2 2 1 1  33 151 150
17 2 2 1 1  34 35 134
18 2 2 1 1  35 36 135
19 2 2 1 1  49 38 152
20 2 2 1 1  59 50 153
21 2 2 1 1  59 153 64
22 2 2 1 1  69 65 64
23 2 2 1 1  73 69 154
24 2 2 1 1  77 73 155
25 2 2 1 1  77 155 83
26 2 2 1 1  36 136 135
27 2 2 1 1  105 104 156
28 2 2 1 1  106 105 157
29 2 2 1 1  105 156 157
30 2 2 1 1  107 106 114
31 2 2 1 1  116 111 158
32 2 2 1 1  123 116 159
33 2 2 1 1  121 123 160
34 2 2 1 1  130 121 160
35 2 2 1 1  123 159 160
36 2 2 1 1  131 130 149
37 2 2 1 1  132 131 150
38 2 2 1 1  133 132 150
39 2 2 1 1  135 134 35
40 2 2 1 1  114 106 157
41 2 2 1 1  2 4 144
42 2 2 1 1  4 37 144
43 2 2 1 1  69 64 161
44 2 2 1 1  64 153 161
45 2 2 1 1  145 1 162
46 2 2 1 1  1 144 162
47 2 2 1 1  145 25 163
48 2 2 1 1  39 145 163
49 2 2 1 1  25 26 163
50 2 2 1 1  26 146 163
51 2 2 1 1  24 145 162
52 2 2 1 1  50 49 164
53 2 2 1 1  153 50 164
54 2 2 1 1  49 152 164
55 2 2 1 1  155 73 165
56 2 2 1 1  73 154 165
57 2 2 1 1  154 69 161
58 2 2 1 1  84 83 166
59 2 2 1 1  93 89 167
60 2 2 1 1  97 93 104
61 2 2 1 1  159 116 168
62 2 2 1 1  116 158 168
63 2 2 1 1  158 111 169
64 2 2 1 1  111 114 157
65 2 2 1 1  131 149 150
66 2 2 1 1  133 150 151
67 2 2 1 1  134 133 151
68 2 2 1 1  156 104 93
69 2 2 1 1  34 134 151
70 2 2 1 1  167 89 170
71 2 2 1 1  169 111 157
72 2 2 1 1  161 153 164
73 2 2 1 1  24 162 37
74 2 2 1 1  148 29 171
75 2 2 1 1  29 30 171
76 2 2 1 1  38 39 163
77 2 2 1 1  38 163 152
78 2 2 1 1  148 171 156
79 2 2 1 1  171 30 172
80 2 2 1 1  172 30 31
81 2 2 1 1  156 171 157
82 2 2 1 1  154 161 146
83 2 2 1 1  93 167 156
84 2 2 1 1  85 84 89
85 2 2 1 1  84 166 170
86 2 2 1 1  89 84 170
87 2 2 1 1  146 161 164
88 2 2 1 1  156 167 148
89 2 2 1 1  147 148 173
90 2 2 1 1  172 31 174
91 2 2 1 1  157 171 169
92 2 2 1 1  167 170 173
93 2 2 1 1  37 162 144
94 2 2 1 1  168 158 172
95 2 2 1 1  148 167 173
96 2 2 1 1  172 174 168
97 2 2 1 1  169 171 172
98 2 2 1 1  174 31 149
99 2 2 1 1  163 146 152
100 2 2 1 1  146 147 154
101 2 2 1 1  146 164 152
102 2 2 1 1  172 158 169
103 2 2 1 1  166 83 155
104 2 2 1 1  170 166 173
105 2 2 1 1  159 168 175
106 2 2 1 1  166 155 165
107 2 2 1 1  173 166 147
108 2 2 1 1  147 166 165
109 2 2 1 1  159 175 160
110 2 2 1 1  175 168 174
111 2 2 1 1  175 174 149
112 2 2 1 1  154 147 165
113 2 2 1 1  130 160 175
114 2 2 1 1  149 130 175
115 2 2 2 2  6 7 9
116 2 2 2 2  7 8 142
117 2 2 2 2  10 9 176
118 2 2 2 2  12 11 177
119 2 2 2 2  14 13 178
120 2 2 2 2  15 14 179
121 2 2 2 2  14 178 179
122 2 2 2 2  16 15 180
123 2 2 2 2  15 179 180
124 2 2 2 2  18 17 181
125 2 2 2 2  19 18 182
126 2 2 2 2  18 181 182
127 2 2 2 2  20 19 127
128 2 2 2 2  21 20 125
129 2 2 2 2  22 21 125
130 2 2 2 2  41 40 183
131 2 2 2 2  42 41 184
132 2 2 2 2  41 183 184
133 2 2 2 2  40 54 185
134 2 2 2 2  54 55 186
135 2 2 2 2  54 186 185
136 2 2 2 2  55 56 187
137 2 2 2 2  55 187 186
138 2 2 2 2  62 68 63
139 2 2 2 2  68 72 188
140 2 2 2 2  124 22 125
141 2 2 2 2  72 76 189
142 2 2 2 2  76 82 189
143 2 2 2 2  143 42 190
144 2 2 2 2  101 100 110
145 2 2 2 2  102 101 191
146 2 2 2 2  101 110 191
147 2 2 2 2  103 102 192
148 2 2 2 2  109 115 193
149 2 2 2 2  115 120 194
150 2 2 2 2  129 128 181
151 2 2 2 2  142 141 143
152 2 2 2 2  63 68 195
153 2 2 2 2  142 143 190
154 2 2 2 2  11 10 196
155 2 2 2 2  13 12 197
156 2 2 2 2  20 127 126
157 2 2 2 2  17 16 198
158 2 2 2 2  40 185 183
159 2 2 28 28  137 2 43
160 2 2 2 2  42 184 199
161 2 2 2 2  181 128 182
162 2 2 2 2  56 61 195
163 2 2 2 2  61 63 195
164 2 2 2 2  68 188 195
165 2 2 2 2  188 72 200
166 2 2 2 2  72 189 200
167 2 2 2 2  193 115 201
168 2 2 2 2  115 194 201
169 2 2 2 2  190 42 199
170 2 2 2 2  82 81 202
171 2 2 2 2  88 92 203
172 2 2 2 2  92 96 103
173 2 2 2 2  192 102 191
174 2 2 2 2  109 193 204
175 2 2 2 2  110 109 205
176 2 2 2 2  191 110 205
177 2 2 2 2  109 204 205
178 2 2 2 2  120 119 194
179 2 2 2 2  119 129 194
180 2 2 2 2  126 125 20
181 2 2 2 2  128 127 182
182 2 2 2 2  9 7 206
183 2 2 2 2  178 13 197
184 2 2 2 2  197 12 177
185 2 2 2 2  92 103 207
186 2 2 2 2  203 92 207
187 2 2 2 2  103 192 207
188 2 2 2 2  88 203 208
189 2 2 2 2  177 11 196
190 2 2 2 2  176 9 206
191 2 2 2 2  16 180 198
192 2 2 2 2  127 19 182
193 2 2 2 2  198 180 204
194 2 2 2 2  185 186 209
195 2 2 2 2  195 188 197
196 2 2 2 2  194 129 181
197 2 2 2 2  208 203 210
198 2 2 2 2  202 81 208
199 2 2 2 2  10 176 196
200 2 2 2 2  81 80 208
201 2 2 2 2  204 193 198
202 2 2 2 2  202 208 210
203 2 2 2 2  7 142 206
204 2 2 2 2  197 177 209
205 2 2 2 2  198 193 211
206 2 2 2 2  181 17 211
207 2 2 2 2  204 180 212
208 2 2 2 2  186 187 213
209 2 2 2 2  211 193 201
210 2 2 2 2  211 17 198
211 2 2 2 2  181 211 201
212 2 2 2 2  186 213 209
213 2 2 2 2  196 176 184
214 2 2 2 2  177 196 183
215 2 2 2 2  192 191 212
216 2 2 2 2  190 199 206
217 2 2 2 2  179 178 210
218 2 2 2 2  184 183 196
219 2 2 2 2  209 177 185
220 2 2 2 2  203 207 214
221 2 2 2 2  202 210 178
222 2 2 2 2  197 188 215
223 2 2 2 2  180 179 212
224 2 2 2 2  82 202 189
225 2 2 2 2  184 176 199
226 2 2 2 2  189 202 200
227 2 2 2 2  202 178 200
228 2 2 2 2  203 214 210
229 2 2 2 2  215 188 200
230 2 2 2 2  199 176 206
231 2 2 2 2  195 197 213
232 2 2 2 2  194 181 201
233 2 2 2 2  80 88 208
234 2 2 2 2  191 205 212
235 2 2 2 2  179 210 214
236 2 2 2 2  204 212 205
237 2 2 28 28  138 2 137
238 2 2 2 2  209 213 197
239 2 2 2 2  213 187 195
240 2 2 2 2  206 142 190
241 2 2 2 2  207 192 214
242 2 2 2 2  212 179 192
243 2 2 2 2  185 177 183
244 2 2 2 2  178 197 215
245 2 2 2 2  178 215 200
246 2 2 2 2  187 56 195
247 2 2 2 2  192 179 214
248 2 2 3 3  6 9 23
249 2 2 3 3  9 10 24
250 2 2 3 3  12 13 26
251 2 2 3 3  13 14 27
252 2 2 3 3  14 15 28
253 2 2 3 3  9 24 23
254 2 2 3 3  15 16 29
255 2 2 3 3  16 17 30
256 2 2 3 3  17 18 31
257 2 2 3 3  18 19 32
258 2 2 3 3  29 16 30
259 2 2 3 3  25 24 10
260 2 2 3 3  26 25 11
261 2 2 3 3  27 26 13
262 2 2 3 3  28 27 14
263 2 2 3 3  29 28 15
264 2 2 3 3  31 30 17
265 2 2 3 3  32 31 18
266 2 2 3 3  33 32 19
267 2 2 3 3  34 33 20
268 2 2 3 3  33 19 20
269 2 2 3 3  26 11 12
270 2 2 3 3  10 11 25
271 2 2 3 3  20 21 35
272 2 2 3 3  34 20 35
273 2 2 3 3  21 22 36
274 2 2 3 3  35 21 36
275 2 2 4 4  7 6 23
276 2 2 4 4  5 8 7
277 2 2 4 4  5 7 37
278 2 2 4 4  23 37 7
279 2 2 5 5  43 44 137
280 2 2 5 5  44 45 216
281 2 2 5 5  45 46 216
282 2 2 5 5  46 47 140
283 2 2 5 5  138 137 140
284 2 2 5 5  46 140 216
285 2 2 5 5  140 137 216
286 2 2 5 5  137 44 216
287 2 2 6 6  38 49 46
288 2 2 6 6  47 46 50
289 2 2 6 6  49 50 46
290 2 2 6 6  46 45 48
291 2 2 6 6  48 38 46
292 2 2 7 7  40 41 57
293 2 2 7 7  41 42 52
294 2 2 7 7  42 51 52
295 2 2 7 7  52 53 57
296 2 2 7 7  57 41 52
297 2 2 8 8  54 40 57
298 2 2 8 8  47 56 58
299 2 2 8 8  55 54 217
300 2 2 8 8  54 57 217
301 2 2 8 8  57 53 217
302 2 2 8 8  53 58 217
303 2 2 8 8  58 56 217
304 2 2 8 8  56 55 217
305 2 2 9 9  47 50 59
306 2 2 9 9  56 47 60
307 2 2 9 9  56 60 61
308 2 2 9 9  59 60 47
309 2 2 10 10  60 59 64
310 2 2 10 10  61 60 63
311 2 2 10 10  62 63 67
312 2 2 10 10  64 65 66
313 2 2 10 10  66 67 218
314 2 2 10 10  64 66 218
315 2 2 10 10  67 63 218
316 2 2 10 10  63 60 218
317 2 2 10 10  218 60 64
318 2 2 11 11  66 65 70
319 2 2 11 11  65 69 70
320 2 2 11 11  70 71 66
321 2 2 11 11  62 67 68
322 2 2 11 11  67 66 71
323 2 2 11 11  71 68 67
324 2 2 12 12  70 69 73
325 2 2 12 12  73 74 70
326 2 2 12 12  68 71 75
327 2 2 12 12  72 68 75
328 2 2 12 12  71 70 74
329 2 2 12 12  75 71 74
330 2 2 13 13  74 73 77
331 2 2 13 13  72 75 76
332 2 2 13 13  77 78 74
333 2 2 13 13  74 78 75
334 2 2 13 13  76 75 79
335 2 2 13 13  79 75 78
336 2 2 14 14  78 77 83
337 2 2 14 14  76 79 82
338 2 2 14 14  79 78 219
339 2 2 14 14  82 79 219
340 2 2 14 14  78 83 219
341 2 2 14 14  80 81 87
342 2 2 14 14  81 82 220
343 2 2 14 14  87 81 220
344 2 2 14 14  82 219 220
345 2 2 14 14  83 84 220
346 2 2 14 14  84 85 220
347 2 2 14 14  219 83 220
348 2 2 14 14  86 87 220
349 2 2 14 14  85 86 220
350 2 2 15 15  86 85 89
351 2 2 15 15  89 90 86
352 2 2 15 15  88 80 91
353 2 2 15 15  86 90 87
354 2 2 15 15  80 87 91
355 2 2 15 15  91 87 90
356 2 2 16 16  90 89 93
357 2 2 16 16  93 94 90
358 2 2 16 16  88 91 92
359 2 2 16 16  91 90 94
360 2 2 16 16  95 92 91
361 2 2 16 16  94 95 91
362 2 2 17 17  94 93 98
363 2 2 17 17  93 97 98
364 2 2 17 17  92 95 96
365 2 2 17 17  99 96 95
366 2 2 17 17  94 98 99
367 2 2 17 17  99 95 94
368 2 2 18 18  98 97 104
369 2 2 18 18  96 99 103
370 2 2 18 18  99 98 221
371 2 2 18 18  103 99 221
372 2 2 18 18  98 104 221
373 2 2 18 18  100 101 108
374 2 2 18 18  102 103 222
375 2 2 18 18  103 221 222
376 2 2 18 18  104 105 221
377 2 2 18 18  105 106 222
378 2 2 18 18  106 107 108
379 2 2 18 18  105 222 221
380 2 2 18 18  101 102 222
381 2 2 18 18  222 106 101
382 2 2 18 18  106 108 101
383 2 2 19 19  110 100 108
384 2 2 19 19  108 107 114
385 2 2 19 19  109 110 113
386 2 2 19 19  113 110 108
387 2 2 19 19  111 112 114
388 2 2 19 19  114 112 108
389 2 2 19 19  108 112 113
390 2 2 20 20  109 113 115
391 2 2 20 20  112 111 116
392 2 2 20 20  112 116 117
393 2 2 20 20  118 115 113
394 2 2 20 20  113 112 117
395 2 2 20 20  118 113 117
396 2 2 21 21  117 116 123
397 2 2 21 21  115 118 120
398 2 2 21 21  118 117 223
399 2 2 21 21  117 123 223
400 2 2 21 21  119 120 122
401 2 2 21 21  120 118 122
402 2 2 21 21  121 122 123
403 2 2 21 21  123 122 223
404 2 2 21 21  122 118 223
405 2 2 22 22  119 122 129
406 2 2 22 22  122 121 130
407 2 2 22 22  122 130 129
408 2 2 22 22  129 130 131
409 2 2 22 22  126 127 133
410 2 2 22 22  127 128 132
411 2 2 22 22  128 129 131
412 2 2 22 22  126 133 134
413 2 2 22 22  131 132 128
414 2 2 22 22  132 133 127
415 2 2 22 22  126 134 125
416 2 2 22 22  124 125 135
417 2 2 22 22  124 135 136
418 2 2 22 22  125 134 135
419 2 2 23 23  36 22 124
420 2 2 23 23  136 36 124
421 2 2 24 24  1 39 43
422 2 2 24 24  39 38 44
423 2 2 24 24  44 43 39
424 2 2 24 24  45 44 48
425 2 2 24 24  44 38 48
426 2 2 25 25  52 51 139
427 2 2 25 25  53 52 224
428 2 2 25 25  53 224 58
429 2 2 25 25  47 58 140
430 2 2 25 25  139 138 140
431 2 2 25 25  140 58 224
432 2 2 25 25  139 140 224
433 2 2 25 25  52 139 224
434 2 2 26 26  4 3 142
435 2 2 26 26  5 4 8
436 2 2 26 26  142 8 4
437 2 2 26 26  138 141 142
438 2 2 26 26  3 138 142
439 2 2 27 27  51 42 143
440 2 2 27 27  139 51 143
441 2 2 27 27  138 139 141
442 2 2 27 27  143 141 139
443 2 2 28 28  2 1 43
444 2 2 28 28  3 2 138
445 4 2 100001 100001  131 128 129 149
446 4 2 100001 100001  267 58 56 47
447 4 2 100001 100001  69 70 65 64
448 4 2 100001 100001  266 37 5 4
449 4 2 100001 100001  26 245 240 12
450 4 2 100001 100001  266 5 37 7
451 4 2 100001 100001  45 52 44 234
452 4 2 100001 100001  66 218 71 67
453 4 2 100001 100001  45 52 224 44
454 4 2 100001 100001  156 258 228 257
455 4 2 100001 100001  266 5 8 4
456 4 2 100001 100001  266 8 5 7
457 4 2 100001 100001  45 52 53 224
458 4 2 100001 100001  249 189 202 82
459 4 2 100001 100001  262 204 113 205
460 4 2 100001 100001  249 255 250 256
461 4 2 100001 100001  266 8 142 4
462 4 2 100001 100001  71 230 70 232
463 4 2 100001 100001  244 238 242 243
464 4 2 100001 100001  45 52 234 53
465 4 2 100001 100001  248 213 247 242
466 4 2 100001 100001  234 44 45 233
467 4 2 100001 100001  266 142 8 7
468 4 2 100001 100001  81 208 91 80
469 4 2 100001 100001  188 68 231 195
470 4 2 100001 100001  168 117 225 159
471 4 2 100001 100001  230 161 253 252
472 4 2 100001 100001  117 168 116 159
473 4 2 100001 100001  157 222 105 257
474 4 2 100001 100001  43 190 144 206
475 4 2 100001 100001  25 145 24 236
476 4 2 100001 100001  160 175 225 159
477 4 2 100001 100001  102 222 192 103
478 4 2 100001 100001  175 168 225 159
479 4 2 100001 100001  196 10 176 236
480 4 2 100001 100001  51 199 184 42
481 4 2 100001 100001  1 145 43 162
482 4 2 100001 100001  71 232 70 74
483 4 2 100001 100001  167 90 89 170
484 4 2 100001 100001  262 157 112 169
485 4 2 100001 100001  234 241 233 45
486 4 2 100001 100001  26 240 163 25
487 4 2 100001 100001  252 47 247 60
488 4 2 100001 100001  200 72 75 188
489 4 2 100001 100001  18 149 32 31
490 4 2 100001 100001  235 199 176 184
491 4 2 100001 100001  245 197 13 244
492 4 2 100001 100001  150 128 182 127
493 4 2 100001 100001  35 134 34 20
494 4 2 100001 100001  18 181 31 17
495 4 2 100001 100001  71 230 218 70
496 4 2 100001 100001  71 230 231 218
497 4 2 100001 100001  174 149 181 31
498 4 2 100001 100001  247 56 47 187
499 4 2 100001 100001  94 221 98 99
500 4 2 100001 100001  249 200 189 75
501 4 2 100001 100001  261 259 260 229
502 4 2 100001 100001  247 56 60 47
503 4 2 100001 100001  71 230 232 231
504 4 2 100001 100001  247 61 60 56
505 4 2 100001 100001  239 49 46 164
506 4 2 100001 100001  239 49 38 46
507 4 2 100001 100001  149 18 181 31
508 4 2 100001 100001  239 49 152 38
509 4 2 100001 100001  117 118 225 223
510 4 2 100001 100001  43 2 1 144
511 4 2 100001 100001  181 201 194 225
512 4 2 100001 100001  90 93 167 89
513 4 2 100001 100001  94 104 98 221
514 4 2 100001 100001  235 196 176 236
515 4 2 100001 100001  226 255 166 254
516 4 2 100001 100001  182 149 18 181
517 4 2 100001 100001  248 188 231 195
518 4 2 100001 100001  239 49 164 152
519 4 2 100001 100001  90 93 94 167
520 4 2 100001 100001  15 179 28 14
521 4 2 100001 100001  36 124 135 22
522 4 2 100001 100001  238 234 241 240
523 4 2 100001 100001  177 245 240 238
524 4 2 100001 100001  113 110 101 191
525 4 2 100001 100001  177 245 12 240
526 4 2 100001 100001  94 104 93 98
527 4 2 100001 100001  166 255 165 147
528 4 2 100001 100001  173 259 166 255
529 4 2 100001 100001  207 229 214 203
530 4 2 100001 100001  36 124 136 135
531 4 2 100001 100001  88 208 91 203
532 4 2 100001 100001  179 178 210 261
533 4 2 100001 100001  177 245 197 12
534 4 2 100001 100001  173 259 170 166
535 4 2 100001 100001  179 261 228 148
536 4 2 100001 100001  188 232 75 250
537 4 2 100001 100001  177 245 238 197
538 4 2 100001 100001  94 104 258 93
539 4 2 100001 100001  207 229 227 214
540 4 2 100001 100001  247 61 63 60
541 4 2 100001 100001  94 104 221 258
542 4 2 100001 100001  234 246 241 240
543 4 2 100001 100001  234 246 233 241
544 4 2 100001 100001  234 246 236 233
545 4 2 100001 100001  146 245 243 152
546 4 2 100001 100001  245 26 146 27
547 4 2 100001 100001  235 51 184 52
548 4 2 100001 100001  164 146 243 152
549 4 2 100001 100001  248 247 231 253
550 4 2 100001 100001  118 201 225 194
551 4 2 100001 100001  232 188 71 231
552 4 2 100001 100001  247 56 187 195
553 4 2 100001 100001  215 200 250 188
554 4 2 100001 100001  234 246 240 236
555 4 2 100001 100001  163 26 146 245
556 4 2 100001 100001  215 248 188 232
557 4 2 100001 100001  171 157 156 257
558 4 2 100001 100001  122 118 223 225
559 4 2 100001 100001  215 248 197 188
560 4 2 100001 100001  171 156 148 228
561 4 2 100001 100001  245 244 13 27
562 4 2 100001 100001  247 61 195 63
563 4 2 100001 100001  243 241 239 152
564 4 2 100001 100001  247 61 56 195
565 4 2 100001 100001  235 145 43 233
566 4 2 100001 100001  115 113 193 109
567 4 2 100001 100001  226 83 155 78
568 4 2 100001 100001  40 185 183 57
569 4 2 100001 100001  215 248 251 197
570 4 2 100001 100001  85 86 220 268
571 4 2 100001 100001  38 233 241 48
572 4 2 100001 100001  186 185 57 237
573 4 2 100001 100001  201 193 263 211
574 4 2 100001 100001  59 252 153 64
575 4 2 100001 100001  234 196 183 184
576 4 2 100001 100001  215 248 232 251
577 4 2 100001 100001  115 113 118 193
578 4 2 100001 100001  267 237 58 242
579 4 2 100001 100001  267 237 217 58
580 4 2 100001 100001  47 242 267 58
581 4 2 100001 100001  43 139 44 137
582 4 2 100001 100001  212 257 228 192
583 4 2 100001 100001  66 70 71 218
584 4 2 100001 100001  179 171 29 148
585 4 2 100001 100001  95 229 207 203
586 4 2 100001 100001  83 77 155 78
587 4 2 100001 100001  185 234 177 183
588 4 2 100001 100001  167 259 170 173
589 4 2 100001 100001  262 212 204 205
590 4 2 100001 100001  161 146 154 253
591 4 2 100001 100001  44 235 43 233
592 4 2 100001 100001  141 142 138 139
593 4 2 100001 100001  255 226 166 165
594 4 2 100001 100001  247 230 231 253
595 4 2 100001 100001  20 125 21 134
596 4 2 100001 100001  70 66 65 64
597 4 2 100001 100001  255 251 250 256
598 4 2 100001 100001  267 237 186 217
599 4 2 100001 100001  11 26 240 12
600 4 2 100001 100001  264 112 158 169
601 4 2 100001 100001  267 237 242 186
602 4 2 100001 100001  247 230 218 231
603 4 2 100001 100001  75 249 74 78
604 4 2 100001 100001  265 142 190 139
605 4 2 100001 100001  230 154 69 70
606 4 2 100001 100001  259 90 260 229
607 4 2 100001 100001  86 220 268 90
608 4 2 100001 100001  44 139 216 137
609 4 2 100001 100001  243 241 238 239
610 4 2 100001 100001  230 154 161 69
611 4 2 100001 100001  243 241 245 238
612 4 2 100001 100001  44 38 48 233
613 4 2 100001 100001  148 167 173 261
614 4 2 100001 100001  11 25 236 240
615 4 2 100001 100001  262 212 205 191
616 4 2 100001 100001  195 248 213 247
617 4 2 100001 100001  204 113 109 193
618 4 2 100001 100001  260 249 254 255
619 4 2 100001 100001  57 234 52 53
620 4 2 100001 100001  260 208 202 210
621 4 2 100001 100001  24 10 176 9
622 4 2 100001 100001  265 190 43 139
623 4 2 100001 100001  245 163 26 240
624 4 2 100001 100001  166 170 84 259
625 4 2 100001 100001  265 43 190 144
626 4 2 100001 100001  230 154 70 232
627 4 2 100001 100001  263 174 31 172
628 4 2 100001 100001  145 235 24 236
629 4 2 100001 100001  215 232 250 251
630 4 2 100001 100001  230 70 69 64
631 4 2 100001 100001  223 123 122 160
632 4 2 100001 100001  213 186 187 242
633 4 2 100001 100001  230 252 218 64
634 4 2 100001 100001  117 168 264 158
635 4 2 100001 100001  168 117 116 158
636 4 2 100001 100001  203 229 210 260
637 4 2 100001 100001  44 235 234 52
638 4 2 100001 100001  182 149 32 18
639 4 2 100001 100001  237 238 239 242
640 4 2 100001 100001  113 204 109 205
641 4 2 100001 100001  20 125 134 126
642 4 2 100001 100001  185 234 57 237
643 4 2 100001 100001  235 44 43 52
644 4 2 100001 100001  119 122 129 194
645 4 2 100001 100001  47 252 242 164
646 4 2 100001 100001  260 249 202 82
647 4 2 100001 100001  249 260 202 255
648 4 2 100001 100001  76 189 72 75
649 4 2 100001 100001  219 260 82 249
650 4 2 100001 100001  257 191 157 222
651 4 2 100001 100001  208 88 91 80
652 4 2 100001 100001  243 241 152 245
653 4 2 100001 100001  213 186 242 209
654 4 2 100001 100001  212 179 192 228
655 4 2 100001 100001  237 186 209 242
656 4 2 100001 100001  41 57 183 52
657 4 2 100001 100001  26 245 13 27
658 4 2 100001 100001  265 43 137 139
659 4 2 100001 100001  156 258 104 93
660 4 2 100001 100001  249 189 79 75
661 4 2 100001 100001  261 214 210 179
662 4 2 100001 100001  247 230 252 218
663 4 2 100001 100001  217 58 56 267
664 4 2 100001 100001  171 29 16 180
665 4 2 100001 100001  261 214 229 210
666 4 2 100001 100001  263 181 174 225
667 4 2 100001 100001  171 179 29 180
668 4 2 100001 100001  220 254 83 84
669 4 2 100001 100001  179 15 29 180
670 4 2 100001 100001  264 168 263 172
671 4 2 100001 100001  257 191 192 212
672 4 2 100001 100001  24 206 9 176
673 4 2 100001 100001  218 252 60 64
674 4 2 100001 100001  235 145 233 236
675 4 2 100001 100001  263 181 31 174
676 4 2 100001 100001  257 191 222 192
677 4 2 100001 100001  58 237 53 45
678 4 2 100001 100001  58 237 46 242
679 4 2 100001 100001  86 268 89 90
680 4 2 100001 100001  232 248 231 253
681 4 2 100001 100001  261 214 228 229
682 4 2 100001 100001  113 204 262 193
683 4 2 100001 100001  81 260 208 202
684 4 2 100001 100001  237 58 53 217
685 4 2 100001 100001  182 150 32 149
686 4 2 100001 100001  261 214 179 228
687 4 2 100001 100001  44 224 45 216
688 4 2 100001 100001  120 118 122 194
689 4 2 100001 100001  257 105 104 221
690 4 2 100001 100001  87 91 220 90
691 4 2 100001 100001  171 30 16 29
692 4 2 100001 100001  25 11 236 10
693 4 2 100001 100001  142 139 141 143
694 4 2 100001 100001  260 220 91 90
695 4 2 100001 100001  11 196 177 240
696 4 2 100001 100001  106 112 114 108
697 4 2 100001 100001  259 166 254 84
698 4 2 100001 100001  7 9 6 23
699 4 2 100001 100001  247 230 253 252
700 4 2 100001 100001  259 254 220 84
701 4 2 100001 100001  245 26 13 12
702 4 2 100001 100001  260 220 90 259
703 4 2 100001 100001  266 206 190 142
704 4 2 100001 100001  70 230 218 64
705 4 2 100001 100001  232 248 253 251
706 4 2 100001 100001  268 220 85 84
707 4 2 100001 100001  238 185 177 209
708 4 2 100001 100001  258 167 93 156
709 4 2 100001 100001  266 190 206 144
710 4 2 100001 100001  234 235 233 236
711 4 2 100001 100001  253 243 164 146
712 4 2 100001 100001  47 56 267 187
713 4 2 100001 100001  19 182 32 18
714 4 2 100001 100001  185 186 57 54
715 4 2 100001 100001  178 255 250 202
716 4 2 100001 100001  237 46 239 45
717 4 2 100001 100001  262 157 113 112
718 4 2 100001 100001  19 150 33 32
719 4 2 100001 100001  182 128 149 181
720 4 2 100001 100001  179 212 180 171
721 4 2 100001 100001  168 117 264 263
722 4 2 100001 100001  258 95 229 227
723 4 2 100001 100001  266 190 265 142
724 4 2 100001 100001  225 174 175 149
725 4 2 100001 100001  160 175 130 225
726 4 2 100001 100001  168 174 263 172
727 4 2 100001 100001  253 243 242 164
728 4 2 100001 100001  266 265 190 144
729 4 2 100001 100001  266 265 4 142
730 4 2 100001 100001  146 251 147 154
731 4 2 100001 100001  200 249 250 75
732 4 2 100001 100001  255 226 165 256
733 4 2 100001 100001  190 51 143 42
734 4 2 100001 100001  212 171 228 257
735 4 2 100001 100001  253 243 244 242
736 4 2 100001 100001  225 174 168 175
737 4 2 100001 100001  266 4 265 144
738 4 2 100001 100001  58 46 45 216
739 4 2 100001 100001  207 214 227 192
740 4 2 100001 100001  224 58 45 216
741 4 2 100001 100001  144 4 37 266
742 4 2 100001 100001  58 224 45 53
743 4 2 100001 100001  156 105 104 257
744 4 2 100001 100001  105 222 221 257
745 4 2 100001 100001  258 156 104 257
746 4 2 100001 100001  77 73 155 74
747 4 2 100001 100001  253 243 146 244
748 4 2 100001 100001  23 206 7 9
749 4 2 100001 100001  259 167 229 261
750 4 2 100001 100001  179 261 148 28
751 4 2 100001 100001  261 178 255 147
752 4 2 100001 100001  255 173 261 147
753 4 2 100001 100001  240 245 163 241
754 4 2 100001 100001  251 178 27 147
755 4 2 100001 100001  148 28 261 147
756 4 2 100001 100001  146 244 27 251
757 4 2 100001 100001  194 225 118 122
758 4 2 100001 100001  85 86 268 89
759 4 2 100001 100001  135 36 21 35
760 4 2 100001 100001  200 188 75 250
761 4 2 100001 100001  192 207 103 227
762 4 2 100001 100001  259 260 220 254
763 4 2 100001 100001  178 14 13 27
764 4 2 100001 100001  23 206 37 7
765 4 2 100001 100001  98 97 104 93
766 4 2 100001 100001  23 206 24 37
767 4 2 100001 100001  245 146 244 27
768 4 2 100001 100001  180 262 198 16
769 4 2 100001 100001  122 225 129 194
770 4 2 100001 100001  196 11 236 240
771 4 2 100001 100001  184 41 183 52
772 4 2 100001 100001  220 81 91 87
773 4 2 100001 100001  81 260 91 208
774 4 2 100001 100001  262 30 198 16
775 4 2 100001 100001  197 242 209 213
776 4 2 100001 100001  192 214 227 228
777 4 2 100001 100001  235 234 52 184
778 4 2 100001 100001  218 247 63 60
779 4 2 100001 100001  95 99 96 103
780 4 2 100001 100001  209 242 197 238
781 4 2 100001 100001  23 206 9 24
782 4 2 100001 100001  130 129 149 131
783 4 2 100001 100001  106 113 112 108
784 4 2 100001 100001  197 244 248 251
785 4 2 100001 100001  159 223 225 160
786 4 2 100001 100001  127 150 133 151
787 4 2 100001 100001  91 81 220 260
788 4 2 100001 100001  232 74 256 154
789 4 2 100001 100001  150 19 33 151
790 4 2 100001 100001  126 127 133 151
791 4 2 100001 100001  190 139 51 43
792 4 2 100001 100001  149 130 175 225
793 4 2 100001 100001  120 122 119 194
794 4 2 100001 100001  248 197 213 242
795 4 2 100001 100001  149 129 130 225
796 4 2 100001 100001  264 168 172 158
797 4 2 100001 100001  261 229 260 210
798 4 2 100001 100001  225 160 122 130
799 4 2 100001 100001  225 149 129 181
800 4 2 100001 100001  134 21 20 35
801 4 2 100001 100001  252 59 60 64
802 4 2 100001 100001  91 95 92 203
803 4 2 100001 100001  237 234 57 53
804 4 2 100001 100001  245 238 241 240
805 4 2 100001 100001  152 241 163 245
806 4 2 100001 100001  185 234 183 57
807 4 2 100001 100001  167 258 228 156
808 4 2 100001 100001  152 241 38 163
809 4 2 100001 100001  73 155 74 165
810 4 2 100001 100001  54 186 57 217
811 4 2 100001 100001  157 106 105 222
812 4 2 100001 100001  137 139 216 140
813 4 2 100001 100001  164 47 50 46
814 4 2 100001 100001  44 235 233 234
815 4 2 100001 100001  228 258 167 229
816 4 2 100001 100001  234 196 177 183
817 4 2 100001 100001  77 155 78 74
818 4 2 100001 100001  152 241 239 38
819 4 2 100001 100001  41 40 183 57
820 4 2 100001 100001  219 249 82 79
821 4 2 100001 100001  145 246 233 236
822 4 2 100001 100001  232 188 75 71
823 4 2 100001 100001  197 195 188 248
824 4 2 100001 100001  252 161 153 64
825 4 2 100001 100001  234 238 177 240
826 4 2 100001 100001  177 196 234 240
827 4 2 100001 100001  89 268 85 84
828 4 2 100001 100001  130 122 121 160
829 4 2 100001 100001  238 234 177 185
830 4 2 100001 100001  199 43 190 51
831 4 2 100001 100001  189 76 79 75
832 4 2 100001 100001  81 260 202 82
833 4 2 100001 100001  179 212 171 228
834 4 2 100001 100001  257 258 228 227
835 4 2 100001 100001  179 178 28 14
836 4 2 100001 100001  28 178 179 261
837 4 2 100001 100001  51 235 199 43
838 4 2 100001 100001  247 248 242 253
839 4 2 100001 100001  95 96 92 103
840 4 2 100001 100001  159 223 117 225
841 4 2 100001 100001  159 223 123 117
842 4 2 100001 100001  19 150 127 151
843 4 2 100001 100001  127 150 19 182
844 4 2 100001 100001  263 113 118 117
845 4 2 100001 100001  72 68 75 188
846 4 2 100001 100001  258 95 94 229
847 4 2 100001 100001  263 113 193 118
848 4 2 100001 100001  219 226 83 254
849 4 2 100001 100001  237 58 46 45
850 4 2 100001 100001  195 213 187 247
851 4 2 100001 100001  190 43 199 206
852 4 2 100001 100001  178 261 255 202
853 4 2 100001 100001  257 262 157 191
854 4 2 100001 100001  167 259 90 170
855 4 2 100001 100001  83 226 155 166
856 4 2 100001 100001  83 226 166 254
857 4 2 100001 100001  257 262 171 157
858 4 2 100001 100001  139 224 216 140
859 4 2 100001 100001  51 235 43 52
860 4 2 100001 100001  263 113 262 193
861 4 2 100001 100001  186 237 57 217
862 4 2 100001 100001  248 244 242 253
863 4 2 100001 100001  244 197 248 242
864 4 2 100001 100001  25 246 236 240
865 4 2 100001 100001  257 262 212 171
866 4 2 100001 100001  238 197 244 242
867 4 2 100001 100001  257 262 191 212
868 4 2 100001 100001  159 223 160 123
869 4 2 100001 100001  166 255 147 173
870 4 2 100001 100001  258 95 221 94
871 4 2 100001 100001  240 246 163 25
872 4 2 100001 100001  75 232 71 74
873 4 2 100001 100001  235 196 234 184
874 4 2 100001 100001  87 220 86 90
875 4 2 100001 100001  190 51 42 199
876 4 2 100001 100001  173 148 261 147
877 4 2 100001 100001  254 166 83 84
878 4 2 100001 100001  258 95 227 221
879 4 2 100001 100001  138 142 3 265
880 4 2 100001 100001  225 181 174 149
881 4 2 100001 100001  216 224 58 140
882 4 2 100001 100001  252 50 59 153
883 4 2 100001 100001  59 47 252 60
884 4 2 100001 100001  167 148 228 261
885 4 2 100001 100001  232 215 250 188
886 4 2 100001 100001  252 50 47 59
887 4 2 100001 100001  246 25 145 163
888 4 2 100001 100001  221 95 99 94
889 4 2 100001 100001  14 178 28 27
890 4 2 100001 100001  221 95 103 99
891 4 2 100001 100001  117 264 112 158
892 4 2 100001 100001  110 113 205 191
893 4 2 100001 100001  113 110 205 109
894 4 2 100001 100001  221 95 227 103
895 4 2 100001 100001  130 225 129 122
896 4 2 100001 100001  4 3 142 265
897 4 2 100001 100001  252 50 164 47
898 4 2 100001 100001  95 91 229 203
899 4 2 100001 100001  252 50 153 164
900 4 2 100001 100001  207 95 92 103
901 4 2 100001 100001  161 252 153 164
902 4 2 100001 100001  178 250 251 215
903 4 2 100001 100001  55 267 187 186
904 4 2 100001 100001  197 195 248 213
905 4 2 100001 100001  216 58 46 140
906 4 2 100001 100001  91 229 203 260
907 4 2 100001 100001  10 25 24 236
908 4 2 100001 100001  246 240 163 241
909 4 2 100001 100001  47 140 46 58
910 4 2 100001 100001  193 204 262 198
911 4 2 100001 100001  3 4 2 265
912 4 2 100001 100001  26 11 240 25
913 4 2 100001 100001  201 193 118 263
914 4 2 100001 100001  49 50 46 164
915 4 2 100001 100001  55 267 56 187
916 4 2 100001 100001  227 222 192 257
917 4 2 100001 100001  262 157 169 171
918 4 2 100001 100001  157 106 113 112
919 4 2 100001 100001  112 157 111 169
920 4 2 100001 100001  108 106 107 114
921 4 2 100001 100001  218 247 231 63
922 4 2 100001 100001  227 222 103 192
923 4 2 100001 100001  239 243 164 242
924 4 2 100001 100001  238 185 209 237
925 4 2 100001 100001  201 115 194 118
926 4 2 100001 100001  251 232 256 154
927 4 2 100001 100001  227 222 221 103
928 4 2 100001 100001  227 222 257 221
929 4 2 100001 100001  30 263 198 17
930 4 2 100001 100001  230 161 64 69
931 4 2 100001 100001  259 167 90 229
932 4 2 100001 100001  161 146 253 164
933 4 2 100001 100001  144 2 4 265
934 4 2 100001 100001  255 259 260 261
935 4 2 100001 100001  116 112 111 158
936 4 2 100001 100001  229 91 90 260
937 4 2 100001 100001  185 186 209 237
938 4 2 100001 100001  66 70 218 64
939 4 2 100001 100001  189 76 82 79
940 4 2 100001 100001  241 237 234 238
941 4 2 100001 100001  249 189 82 79
942 4 2 100001 100001  195 68 231 63
943 4 2 100001 100001  241 237 45 234
944 4 2 100001 100001  241 237 239 45
945 4 2 100001 100001  74 165 154 73
946 4 2 100001 100001  251 232 250 256
947 4 2 100001 100001  241 233 45 48
948 4 2 100001 100001  241 237 238 239
949 4 2 100001 100001  254 259 255 166
950 4 2 100001 100001  189 200 72 75
951 4 2 100001 100001  79 249 75 78
952 4 2 100001 100001  154 165 74 256
953 4 2 100001 100001  134 135 21 35
954 4 2 100001 100001  262 212 180 204
955 4 2 100001 100001  21 135 134 125
956 4 2 100001 100001  29 179 28 15
957 4 2 100001 100001  134 126 133 151
958 4 2 100001 100001  239 241 45 48
959 4 2 100001 100001  238 243 239 242
960 4 2 100001 100001  147 256 154 251
961 4 2 100001 100001  128 150 132 127
962 4 2 100001 100001  28 179 29 148
963 4 2 100001 100001  238 245 243 244
964 4 2 100001 100001  246 145 233 163
965 4 2 100001 100001  194 181 225 129
966 4 2 100001 100001  68 188 231 71
967 4 2 100001 100001  147 256 165 154
968 4 2 100001 100001  252 253 242 164
969 4 2 100001 100001  218 252 247 60
970 4 2 100001 100001  46 239 45 48
971 4 2 100001 100001  255 178 250 251
972 4 2 100001 100001  147 256 255 165
973 4 2 100001 100001  263 211 198 17
974 4 2 100001 100001  219 83 220 254
975 4 2 100001 100001  229 95 207 227
976 4 2 100001 100001  257 192 227 228
977 4 2 100001 100001  101 110 108 100
978 4 2 100001 100001  52 44 139 224
979 4 2 100001 100001  52 44 43 139
980 4 2 100001 100001  45 233 44 48
981 4 2 100001 100001  232 248 188 231
982 4 2 100001 100001  127 19 151 20
983 4 2 100001 100001  248 195 231 247
984 4 2 100001 100001  128 150 149 131
985 4 2 100001 100001  55 267 217 56
986 4 2 100001 100001  33 151 20 34
987 4 2 100001 100001  214 229 227 228
988 4 2 100001 100001  165 226 74 256
989 4 2 100001 100001  68 71 231 63
990 4 2 100001 100001  116 112 158 117
991 4 2 100001 100001  147 256 251 255
992 4 2 100001 100001  139 51 43 52
993 4 2 100001 100001  24 236 176 10
994 4 2 100001 100001  43 199 206 235
995 4 2 100001 100001  144 43 206 162
996 4 2 100001 100001  88 91 92 203
997 4 2 100001 100001  241 163 233 38
998 4 2 100001 100001  249 200 250 202
999 4 2 100001 100001  106 191 101 222
1000 4 2 100001 100001  46 47 242 164
1001 4 2 100001 100001  106 191 113 101
1002 4 2 100001 100001  238 237 209 242
1003 4 2 100001 100001  255 249 250 202
1004 4 2 100001 100001  225 122 160 223
1005 4 2 100001 100001  176 236 24 235
1006 4 2 100001 100001  248 244 253 251
1007 4 2 100001 100001  206 37 7 266
1008 4 2 100001 100001  220 82 260 81
1009 4 2 100001 100001  209 238 197 177
1010 4 2 100001 100001  42 52 41 184
1011 4 2 100001 100001  219 249 79 78
1012 4 2 100001 100001  260 259 255 254
1013 4 2 100001 100001  135 22 125 21
1014 4 2 100001 100001  178 255 147 251
1015 4 2 100001 100001  135 22 21 36
1016 4 2 100001 100001  234 237 45 53
1017 4 2 100001 100001  163 38 39 233
1018 4 2 100001 100001  135 124 125 22
1019 4 2 100001 100001  58 47 242 46
1020 4 2 100001 100001  222 102 191 101
1021 4 2 100001 100001  150 127 133 132
1022 4 2 100001 100001  149 150 128 182
1023 4 2 100001 100001  220 82 219 260
1024 4 2 100001 100001  106 191 157 113
1025 4 2 100001 100001  120 194 115 118
1026 4 2 100001 100001  249 226 255 256
1027 4 2 100001 100001  260 219 220 254
1028 4 2 100001 100001  200 215 250 178
1029 4 2 100001 100001  233 145 43 39
1030 4 2 100001 100001  261 210 260 202
1031 4 2 100001 100001  106 191 222 157
1032 4 2 100001 100001  226 219 83 78
1033 4 2 100001 100001  37 144 206 162
1034 4 2 100001 100001  55 267 186 217
1035 4 2 100001 100001  206 37 162 24
1036 4 2 100001 100001  208 203 210 260
1037 4 2 100001 100001  94 91 90 229
1038 4 2 100001 100001  30 17 198 16
1039 4 2 100001 100001  42 52 184 51
1040 4 2 100001 100001  181 201 263 211
1041 4 2 100001 100001  138 3 2 265
1042 4 2 100001 100001  206 144 37 266
1043 4 2 100001 100001  256 75 232 250
1044 4 2 100001 100001  197 178 13 251
1045 4 2 100001 100001  265 43 2 137
1046 4 2 100001 100001  149 128 129 181
1047 4 2 100001 100001  190 139 142 143
1048 4 2 100001 100001  256 75 74 232
1049 4 2 100001 100001  212 262 180 171
1050 4 2 100001 100001  263 201 225 118
1051 4 2 100001 100001  256 75 249 74
1052 4 2 100001 100001  2 43 265 144
1053 4 2 100001 100001  256 75 250 249
1054 4 2 100001 100001  181 17 263 31
1055 4 2 100001 100001  168 117 263 225
1056 4 2 100001 100001  40 185 57 54
1057 4 2 100001 100001  55 186 54 217
1058 4 2 100001 100001  240 11 12 177
1059 4 2 100001 100001  253 230 154 161
1060 4 2 100001 100001  168 174 225 263
1061 4 2 100001 100001  154 230 253 232
1062 4 2 100001 100001  197 245 13 12
1063 4 2 100001 100001  113 264 263 262
1064 4 2 100001 100001  113 264 117 263
1065 4 2 100001 100001  246 25 236 145
1066 4 2 100001 100001  150 128 132 131
1067 4 2 100001 100001  196 234 240 236
1068 4 2 100001 100001  44 43 39 233
1069 4 2 100001 100001  73 70 69 154
1070 4 2 100001 100001  263 201 181 225
1071 4 2 100001 100001  113 264 112 117
1072 4 2 100001 100001  95 207 227 103
1073 4 2 100001 100001  204 262 198 180
1074 4 2 100001 100001  102 222 191 192
1075 4 2 100001 100001  268 89 170 84
1076 4 2 100001 100001  193 201 118 115
1077 4 2 100001 100001  226 249 78 74
1078 4 2 100001 100001  134 20 151 34
1079 4 2 100001 100001  95 207 92 203
1080 4 2 100001 100001  268 170 89 90
1081 4 2 100001 100001  268 170 259 84
1082 4 2 100001 100001  112 157 114 111
1083 4 2 100001 100001  268 259 170 90
1084 4 2 100001 100001  78 249 226 219
1085 4 2 100001 100001  68 62 67 63
1086 4 2 100001 100001  113 110 108 101
1087 4 2 100001 100001  268 259 220 84
1088 4 2 100001 100001  113 264 262 112
1089 4 2 100001 100001  262 264 263 172
1090 4 2 100001 100001  268 220 259 90
1091 4 2 100001 100001  258 257 104 221
1092 4 2 100001 100001  226 219 249 254
1093 4 2 100001 100001  101 106 108 113
1094 4 2 100001 100001  232 70 74 154
1095 4 2 100001 100001  116 117 159 123
1096 4 2 100001 100001  167 258 93 94
1097 4 2 100001 100001  152 243 164 239
1098 4 2 100001 100001  70 73 74 154
1099 4 2 100001 100001  245 197 244 238
1100 4 2 100001 100001  200 249 189 202
1101 4 2 100001 100001  219 260 249 254
1102 4 2 100001 100001  94 91 229 95
1103 4 2 100001 100001  28 261 147 178
1104 4 2 100001 100001  188 68 75 71
1105 4 2 100001 100001  145 163 39 233
1106 4 2 100001 100001  31 263 30 17
1107 4 2 100001 100001  208 91 203 260
1108 4 2 100001 100001  30 263 31 172
1109 4 2 100001 100001  71 218 231 63
1110 4 2 100001 100001  218 71 67 63
1111 4 2 100001 100001  106 157 114 112
1112 4 2 100001 100001  71 68 67 63
1113 4 2 100001 100001  44 39 38 233
1114 4 2 100001 100001  251 253 154 146
1115 4 2 100001 100001  241 239 38 48
1116 4 2 100001 100001  241 246 233 163
1117 4 2 100001 100001  252 161 253 164
1118 4 2 100001 100001  154 253 251 232
1119 4 2 100001 100001  230 161 252 64
1120 4 2 100001 100001  162 235 145 43
1121 4 2 100001 100001  166 226 155 165
1122 4 2 100001 100001  162 235 24 145
1123 4 2 100001 100001  263 17 181 211
1124 4 2 100001 100001  226 249 74 256
1125 4 2 100001 100001  13 244 251 27
1126 4 2 100001 100001  29 15 16 180
1127 4 2 100001 100001  155 226 78 74
1128 4 2 100001 100001  112 111 158 169
1129 4 2 100001 100001  178 28 27 147
1130 4 2 100001 100001  251 244 13 197
1131 4 2 100001 100001  167 259 173 261
1132 4 2 100001 100001  167 94 90 229
1133 4 2 100001 100001  162 235 206 24
1134 4 2 100001 100001  117 263 225 118
1135 4 2 100001 100001  252 247 242 253
1136 4 2 100001 100001  138 2 137 265
1137 4 2 100001 100001  264 169 158 172
1138 4 2 100001 100001  228 258 229 227
1139 4 2 100001 100001  167 258 94 229
1140 4 2 100001 100001  265 139 138 142
1141 4 2 100001 100001  162 235 43 206
1142 4 2 100001 100001  19 150 32 182
1143 4 2 100001 100001  155 226 74 165
1144 4 2 100001 100001  46 239 164 242
1145 4 2 100001 100001  252 47 242 247
1146 4 2 100001 100001  265 139 137 138
1147 4 2 100001 100001  167 228 229 261
1148 4 2 100001 100001  230 232 231 253
1149 4 2 100001 100001  198 263 193 211
1150 4 2 100001 100001  178 261 202 210
1151 4 2 100001 100001  193 263 198 262
1152 4 2 100001 100001  259 255 173 261
1153 4 2 100001 100001  151 20 134 126
1154 4 2 100001 100001  169 172 262 171
1155 4 2 100001 100001  147 146 27 251
1156 4 2 100001 100001  262 172 169 264
1157 4 2 100001 100001  234 184 183 52
1158 4 2 100001 100001  144 1 43 162
1159 4 2 100001 100001  197 215 178 251
1160 4 2 100001 100001  167 156 228 148
1161 4 2 100001 100001  258 257 221 227
1162 4 2 100001 100001  171 156 228 257
1163 4 2 100001 100001  176 206 235 24
1164 4 2 100001 100001  57 237 53 217
1165 4 2 100001 100001  51 235 184 199
1166 4 2 100001 100001  196 235 234 236
1167 4 2 100001 100001  235 206 176 199
1168 4 2 100001 100001  190 139 143 51
1169 4 2 100001 100001  249 226 254 255
1170 4 2 100001 100001  262 191 113 157
1171 4 2 100001 100001  262 263 30 172
1172 4 2 100001 100001  30 263 262 198
1173 4 2 100001 100001  187 247 242 47
1174 4 2 100001 100001  179 214 192 228
1175 4 2 100001 100001  113 191 262 205
1176 4 2 100001 100001  38 46 48 239
1177 4 2 100001 100001  57 234 183 52
1178 4 2 100001 100001  81 91 87 80
1179 4 2 100001 100001  163 146 152 245
1180 4 2 100001 100001  245 146 243 244
1181 4 2 100001 100001  156 157 105 257
1182 4 2 100001 100001  142 266 206 7
1183 4 2 100001 100001  179 171 148 228
1184 4 2 100001 100001  242 247 187 213
1185 4 2 100001 100001  238 234 185 237
1186 4 2 100001 100001  122 123 121 160
1187 4 2 100001 100001  46 237 239 242
1188 4 2 100001 100001  187 242 267 47
1189 4 2 100001 100001  267 242 187 186
1190 4 2 100001 100001  11 196 236 10
1191 4 2 100001 100001  126 127 151 20
1192 4 2 100001 100001  247 195 231 63
1193 4 2 100001 100001  33 19 20 151
1194 4 2 100001 100001  244 146 253 251
1195 4 2 100001 100001  200 178 250 202
1196 4 2 100001 100001  30 262 172 171
1197 4 2 100001 100001  140 138 137 139
1198 4 2 100001 100001  196 235 176 184
1199 4 2 100001 100001  264 262 112 169
1200 4 2 100001 100001  16 171 262 30
1201 4 2 100001 100001  229 214 203 210
1202 4 2 100001 100001  13 178 27 251
1203 4 2 100001 100001  145 39 1 43
1204 4 2 100001 100001  262 171 16 180
1205 4 2 100001 100001  261 260 255 202
1206 4 2 100001 100001  139 44 216 224
$EndElements
